0 3fd3333333333334 0 0 0 0 19 34303030303030303030303030303030332e30
1 3fd3333333333334 66 10 0 0 12 303030303030303030332e30
1 3fd3333333333334 65 4 0 0 10 31302d65303030302e33
1 3fd3333333333334 45 3 0 0 9 31302d453030302e33
1 3fd3333333333334 67 4 0 0 3 332e30
1 3fd3333333333334 47 8 0 0 3 332e30
2 3fd3333333333333 0 0 -9 11e1a300 0 0
0 4415af1d78b58c40 0 0 0 0 7 30322b65302e31
1 4415af1d78b58c40 66 10 0 0 32 303030303030303030302e303030303030303030303030303030303030303031
1 4415af1d78b58c40 65 16 0 0 22 30322b65303030303030303030303030303030302e31
1 4415af1d78b58c40 45 2 0 0 8 30322b4530302e31
1 4415af1d78b58c40 67 7 0 0 5 30322b6531
1 4415af1d78b58c40 47 10 0 0 5 30322b4531
2 4415af1d78b58c40 0 0 11 3b9aca00 0 0
0 4059000000000000 0 0 0 0 5 302e303031
1 4059000000000000 66 4 0 0 8 303030302e303031
1 4059000000000000 65 0 0 0 5 32302b6531
1 4059000000000000 45 20 0 0 26 32302b4530303030303030303030303030303030303030302e31
1 4059000000000000 67 17 0 0 3 303031
1 4059000000000000 47 20 0 0 3 303031
2 4059000000000000 0 0 -15 16345785d8a0000 0 0
0 3e8421f5f40d8376 0 0 0 0 7 37302d65352e31
1 3e8421f5f40d8376 66 17 0 0 19 30303030303030303035313030303030302e30
1 3e8421f5f40d8376 65 16 0 0 22 37302d65393939393939393939393939393939342e31
1 3e8421f5f40d8376 45 10 0 0 16 37302d45303030303030303030352e31
1 3e8421f5f40d8376 67 18 0 0 23 37302d6533393939393939393939393939393939342e31
1 3e8421f5f40d8376 47 0 0 0 5 37302d4531
2 3e8421f5f40d8376 0 0 -10 5dc 0 0
0 bf1a36e2eb1c432d 0 0 0 0 7 313030302e302d
1 bf1a36e2eb1c432d 66 20 0 0 23 30303030303030303030303030303030313030302e302d
1 bf1a36e2eb1c432d 65 15 0 0 22 34302d653030303030303030303030303030302e312d
1 bf1a36e2eb1c432d 45 20 0 0 27 34302d4532393734303030303030303030303030303030302e312d
1 bf1a36e2eb1c432d 67 17 0 0 7 313030302e302d
1 bf1a36e2eb1c432d 47 10 0 0 7 313030302e302d
2 3f1a36e2eb1c432d 0 0 -5 a 0 0
0 3fd5555555555555 0 0 0 0 18 333333333333333333333333333333332e30
1 3fd5555555555555 66 0 0 0 1 30
1 3fd5555555555555 65 2 0 0 8 31302d6533332e33
1 3fd5555555555555 45 3 0 0 9 31302d453333332e33
1 3fd5555555555555 67 9 0 0 11 3333333333333333332e30
1 3fd5555555555555 47 3 0 0 5 3333332e30
2 3fd5555555555555 0 0 -23 70f00ed4b18fcb91952 0 0
0 419d6f34547df3b6 0 0 0 0 13 3332312e393837363534333231
1 419d6f34547df3b6 66 6 0 0 16 3030303332312e393837363534333231
1 419d6f34547df3b6 65 13 0 0 19 38302b65303033323139383736353433322e31
1 419d6f34547df3b6 45 19 0 0 25 38302b45353935393939393932323139383736353433322e31
1 419d6f34547df3b6 67 11 0 0 12 32312e393837363534333231
1 419d6f34547df3b6 47 11 0 0 12 32312e393837363534333231
2 419d6f34547df3b6 0 0 -14 29d42b65886d06288c0 0 0
0 430c6bf526340000 0 0 0 0 7 35312b65302e31
1 430c6bf526340000 66 4 0 0 21 303030302e30303030303030303030303030303031
1 430c6bf526340000 65 2 0 0 8 35312b6530302e31
1 430c6bf526340000 45 7 0 0 13 35312b45303030303030302e31
1 430c6bf526340000 67 9 0 0 5 35312b6531
1 430c6bf526340000 47 10 0 0 5 35312b4531
2 430c6bf526340000 0 0 6 3b9aca00 0 0
0 430c6bf52633ffff 0 0 0 0 17 392e393939393939393939393939393939
1 430c6bf52633ffff 66 6 0 0 22 3030303537382e393939393939393939393939393939
1 430c6bf52633ffff 65 17 0 0 23 34312b6535373839393939393939393939393939392e39
1 430c6bf52633ffff 45 16 0 0 22 34312b45383839393939393939393939393939392e39
1 430c6bf52633ffff 67 7 0 0 5 35312b6531
1 430c6bf52633ffff 47 4 0 0 5 35312b4531
2 430c6bf52633ffff 0 0 -1 2386f26fc0ffff 0 0
0 0000000000000001 0 0 0 0 8 3432332d65302e35
1 0000000000000001 66 3 0 0 5 3030302e30
1 0000000000000001 65 16 0 0 23 3432332d65343536343231343835343635363034392e34
1 0000000000000001 45 14 0 0 21 3432332d4537343231343835343635363034392e34
1 0000000000000001 67 12 0 0 18 3432332d6531343835343635363034392e34
1 0000000000000001 47 4 0 0 10 3432332d453134392e34
2 0000000000000001 0 0 -341 6db461654176950 0 0
0 3ee4f8b588e368f1 0 0 0 0 7 35302d65302e31
1 3ee4f8b588e368f1 66 8 0 0 10 30303031303030302e30
1 3ee4f8b588e368f1 65 0 0 0 5 35302d6531
1 3ee4f8b588e368f1 45 7 0 0 13 35302d45303030303030302e31
1 3ee4f8b588e368f1 67 11 0 0 5 35302d6531
1 3ee4f8b588e368f1 47 5 0 0 5 35302d4531
2 3ee4f8b588e368f1 0 0 -18 9184e72a000 0 0
0 c029000000000000 0 0 0 0 5 352e32312d
1 c029000000000000 66 1 0 0 5 352e32312d
1 c029000000000000 65 20 0 0 27 31302b6530303030303030303030303030303030303035322e312d
1 c029000000000000 45 17 0 0 24 31302b4530303030303030303030303030303035322e312d
1 c029000000000000 67 6 0 0 5 352e32312d
1 c029000000000000 47 11 0 0 5 352e32312d
2 4029000000000000 0 0 -24 a56fa5b99019a5c800000 0 0
0 0000000000000000 0 0 0 0 3 302e30
1 0000000000000000 66 5 0 0 7 30303030302e30
1 0000000000000000 65 4 0 0 10 30302b65303030302e30
1 0000000000000000 45 0 0 0 5 30302b4530
1 0000000000000000 67 2 0 0 1 30
1 0000000000000000 47 10 0 0 1 30
0 8000000000000000 0 0 0 0 4 302e302d
1 8000000000000000 66 13 0 0 16 303030303030303030303030302e302d
1 8000000000000000 65 3 0 0 10 30302b653030302e302d
1 8000000000000000 45 1 0 0 8 30302b45302e302d
1 8000000000000000 67 6 0 0 2 302d
1 8000000000000000 47 7 0 0 2 302d
0 431b86348bbe9b59 0 0 0 0 18 322e30333433333033353136343836333931
1 431b86348bbe9b59 66 16 0 0 33 303030303030303030303030303035322e30333433333033353136343836333931
1 431b86348bbe9b59 65 16 0 0 22 35312b65323033343333303335313634383633392e31
1 431b86348bbe9b59 45 4 0 0 10 35312b45383633392e31
1 431b86348bbe9b59 67 0 0 0 5 35312b6532
1 431b86348bbe9b59 47 18 0 0 19 35322e30333433333033353136343836333931
2 431b86348bbc9100 0 0 5 4827344da 0 0
0 4310f12bc4290596 0 0 0 0 18 352e35343230373036373432393132393131
1 4310f12bc4290596 66 6 0 0 23 3030303030352e35343230373036373432393132393131
1 4310f12bc4290596 65 17 0 0 23 35312b6530353534323037303637343239313239312e31
1 4310f12bc4290596 45 2 0 0 8 35312b4539312e31
1 4310f12bc4290596 67 14 0 0 19 35312b65323037303637343239313239312e31
1 4310f12bc4290596 47 14 0 0 19 35312b45323037303637343239313239312e31
2 4310f078824a0000 0 0 12 4a8 0 0
0 7fefffffffffffff 0 0 0 0 23 3830332b65373531333236383433313339363739372e31
1 7fefffffffffffff 65 13 0 0 20 3830332b65333236383433313339363739372e31
1 7fefffffffffffff 45 9 0 0 16 3830332b453533313339363739372e31
1 7fefffffffffffff 67 7 0 0 13 3830332b653339363739372e31
1 7fefffffffffffff 47 18 0 0 24 3830332b4531373531333236383433313339363739372e31
2 7fefffffffffffff 0 0 287 617400fd9222b85ef1 0 0
0 0010000000000000 0 0 0 0 23 3830332d65343130323730353835383337303532322e32
1 0010000000000000 66 15 0 0 17 3030303030303030303030303030302e30
1 0010000000000000 65 13 0 0 20 3830332d65323730353835383337303532322e32
1 0010000000000000 45 1 0 0 8 3830332d45322e32
1 0010000000000000 67 0 0 0 6 3830332d6532
1 0010000000000000 47 1 0 0 6 3830332d4532
2 0010000000000000 0 0 -333 1267c6f4a699755cf1d237 0 0
0 40aa28199999999a 0 0 0 0 7 35302e38343333
1 40aa28199999999a 66 7 0 0 12 303030303035302e38343333
1 40aa28199999999a 65 4 0 0 10 33302b65313834332e33
1 40aa28199999999a 45 10 0 0 16 33302b45303030303035303834332e33
1 40aa28199999999a 67 15 0 0 7 35302e38343333
1 40aa28199999999a 47 11 0 0 7 35302e38343333
2 40aa2c0000000000 0 0 1 14f 0 0
0 c1db6b6ea01193e0 0 0 0 0 19 363035363437322e363130323031303438312d
1 c1db6b6ea01193e0 66 20 0 0 32 30303035373836343033373337353035363437322e363130323031303438312d
1 c1db6b6ea01193e0 65 8 0 0 15 39302b6532303230313034382e312d
1 c1db6b6ea01193e0 45 14 0 0 21 39302b4535363437323631303230313034382e312d
1 c1db6b6ea01193e0 67 19 0 0 21 3437353035363437322e363130323031303438312d
1 c1db6b6ea01193e0 47 3 0 0 9 39302b4534382e312d
2 41db6b6ea01193e2 0 0 -6 689902307d0db 0 0
0 4004000000000000 0 0 0 0 3 352e32
1 4004000000000000 66 20 0 0 22 30303030303030303030303030303030303030352e32
1 4004000000000000 65 14 0 0 20 30302b6530303030303030303030303030352e32
1 4004000000000000 45 10 0 0 16 30302b45303030303030303030352e32
1 4004000000000000 67 12 0 0 3 352e32
1 4004000000000000 47 14 0 0 3 352e32
2 4004000000000000 0 0 -14 e35fa931a000 0 0
0 3fe0000000000000 0 0 0 0 3 352e30
1 3fe0000000000000 66 6 0 0 8 3030303030352e30
1 3fe0000000000000 65 2 0 0 8 31302d6530302e35
1 3fe0000000000000 45 18 0 0 24 31302d453030303030303030303030303030303030302e35
1 3fe0000000000000 67 18 0 0 3 352e30
1 3fe0000000000000 47 11 0 0 3 352e30
2 3fe0000000000000 0 0 -7 4c4b40 0 0
0 44b52d02c7e14af6 0 0 0 0 7 33322b65302e31
1 44b52d02c7e14af6 66 17 0 0 41 30303030303030303030303030303030302e3239333131363139393939393939393939393939393939
1 44b52d02c7e14af6 65 20 0 0 26 32322b6534313136313939393939393939393939393939392e39
1 44b52d02c7e14af6 45 17 0 0 23 32322b4536313939393939393939393939393939392e39
1 44b52d02c7e14af6 67 4 0 0 5 33322b6531
1 44b52d02c7e14af6 47 11 0 0 5 33322b4531
2 44b52d02c7e14af6 0 0 17 f4240 0 0
0 4340000000000000 0 0 0 0 21 35312b653239393034373435323939313730302e39
1 4340000000000000 66 3 0 0 20 3030302e32393930343734353239393137303039
1 4340000000000000 65 13 0 0 19 35312b65303134373435323939313730302e39
1 4340000000000000 45 5 0 0 11 35312b4530323730302e39
1 4340000000000000 67 7 0 0 12 35312b653939313730302e39
1 4340000000000000 47 0 0 0 5 35312b4539
2 433ffffffffffc20 0 0 4 d1b71758e2 0 0
0 62a2e4c4c7a8c219 0 0 0 0 23 3736312b65323738303933303933313335363239332e31
1 62a2e4c4c7a8c219 65 15 0 0 22 3736312b653738303933303933313335363239332e31
1 62a2e4c4c7a8c219 45 4 0 0 11 3736312b45373239332e31
1 62a2e4c4c7a8c219 67 12 0 0 18 3736312b6534303933313335363239332e31
1 62a2e4c4c7a8c219 47 13 0 0 19 3736312b453933303933313335363239332e31
2 62a2fe48e6538094 0 0 166 e 0 0
0 5435039774a13667 0 0 0 0 21 37392b653936303230303831353936353838342e34
1 5435039774a13667 65 0 0 0 5 37392b6534
1 5435039774a13667 45 11 0 0 17 37392b4530303831353936353838342e34
1 5435039774a13667 67 11 0 0 15 37392b653831353936353838342e34
1 5435039774a13667 47 1 0 0 5 37392b4534
2 5435114a89805e21 0 0 96 2d 0 0
0 3f760e89d86419cd 0 0 0 0 20 3733333430313430373835393438333530302e30
1 3f760e89d86419cd 66 7 0 0 9 303538333530302e30
1 3f760e89d86419cd 65 6 0 0 12 33302d653935393438332e35
1 3f760e89d86419cd 45 16 0 0 22 33302d45393633333430313430373835393438332e35
1 3f760e89d86419cd 67 3 0 0 7 38333530302e30
1 3f760e89d86419cd 47 6 0 0 10 36393438333530302e30
2 3f760e89d86419cd 0 0 -27 4744f323fd8e874231150 0 0
0 43047a68f0c40d7b 0 0 0 0 17 342e353136373935333333313135303237
1 43047a68f0c40d7b 66 4 0 0 20 303537332e353136373935333333313135303237
1 43047a68f0c40d7b 65 8 0 0 14 34312b6534333331313530322e37
1 43047a68f0c40d7b 45 14 0 0 20 34312b4535313637393533333331313530322e37
1 43047a68f0c40d7b 67 9 0 0 14 34312b6534333331313530322e37
1 43047a68f0c40d7b 47 19 0 0 19 3537332e353136373935333333313135303237
2 43047a53d47c4000 0 0 11 1c25 0 0
0 44484ca7871b97e6 0 0 0 0 21 30322b653539303239373539373730393436392e38
1 44484ca7871b97e6 66 12 0 0 34 3030303030303030303030302e303432323834393032393735393737303934363938
1 44484ca7871b97e6 65 20 0 0 26 30322b6530343232383439303239373539373730393436392e38
1 44484ca7871b97e6 45 10 0 0 16 30322b45383539373730393436392e38
1 44484ca7871b97e6 67 17 0 0 22 30322b65383439303239373539373730393436392e38
1 44484ca7871b97e6 47 1 0 0 5 30322b4539
2 44484ca79064e2e2 0 0 14 88cb2c 0 0
0 bac1d77f54b1e187 0 0 0 0 23 35322d65333538353732323933343839393235312e312d
1 bac1d77f54b1e187 66 12 0 0 15 3030303030303030303030302e302d
1 bac1d77f54b1e187 65 17 0 0 24 35322d6539323538353732323933343839393235312e312d
1 bac1d77f54b1e187 45 18 0 0 25 35322d453339323538353732323933343839393235312e312d
1 bac1d77f54b1e187 67 13 0 0 19 35322d653832323933343839393235312e312d
1 bac1d77f54b1e187 47 17 0 0 23 35322d45333538353732323933343839393235312e312d
2 3ac1d77f54b1e187 0 0 -49 f4282baeadf1c4c4ffd8 0 0
0 0fa1344baca0eb37 0 0 0 0 22 3333322d653837393435363631383136333436312e32
1 0fa1344baca0eb37 66 14 0 0 16 30303030303030303030303030302e30
1 0fa1344baca0eb37 65 17 0 0 24 3333322d6536303837393435363631383136333436312e32
1 0fa1344baca0eb37 45 2 0 0 9 3333322d4536312e32
1 0fa1344baca0eb37 67 8 0 0 14 3333322d65383136333436312e32
1 0fa1344baca0eb37 47 13 0 0 19 3333322d453535363631383136333436312e32
2 0fa1344baca0eb37 0 0 -249 4ce4c18c78ad15 0 0
0 40bc78828f5c28f6 0 0 0 0 7 31352e38383237
1 40bc78828f5c28f6 66 5 0 0 10 30303031352e38383237
1 40bc78828f5c28f6 65 8 0 0 14 33302b6530303031353838322e37
1 40bc78828f5c28f6 45 19 0 0 25 33302b45333831323030303030303030303031353838322e37
1 40bc78828f5c28f6 67 18 0 0 19 32323030303030303030303031352e38383237
1 40bc78828f5c28f6 47 1 0 0 5 33302b4537
2 40bc78828f5c28f6 0 0 -11 296e2d8f2fe00 0 0
0 54506c2c5891aebf 0 0 0 0 20 38392b6531363939313839323433313330342e31
1 54506c2c5891aebf 65 20 0 0 26 38392b6538323630393930363939313839323433313330342e31
1 54506c2c5891aebf 45 19 0 0 25 38392b45333630393930363939313839323433313330342e31
1 54506c2c5891aebf 67 7 0 0 12 38392b653433313330342e31
1 54506c2c5891aebf 47 4 0 0 9 38392b453330342e31
2 54506c2c5891ae9e 0 0 85 cc2ed36d36c 0 0
0 bb5384984338b0b7 0 0 0 0 22 33322d653934393933333638333734393735342e362d
1 bb5384984338b0b7 66 4 0 0 7 303030302e302d
1 bb5384984338b0b7 65 0 0 0 6 33322d65362d
1 bb5384984338b0b7 45 5 0 0 12 33322d4535393735342e362d
1 bb5384984338b0b7 67 2 0 0 8 33322d65352e362d
1 bb5384984338b0b7 47 15 0 0 21 33322d4535393933333638333734393735342e362d
2 3b5384984338b0b7 0 0 -45 dacdc3c2a0b8db61353 0 0
0 fc0d92fb4140bcbd 0 0 0 0 23 3938322b653234333134343438373631363230362e332d
1 fc0d92fb4140bcbd 65 11 0 0 19 3938322b6534343438373631363230362e332d
1 fc0d92fb4140bcbd 45 20 0 0 28 3938322b4534373730303234333134343438373631363230362e332d
1 fc0d92fb4140bcbd 67 10 0 0 17 3938322b653438373631363230362e332d
1 fc0d92fb4140bcbd 47 8 0 0 15 3938322b45383631363230362e332d
2 7c0d92fb4140b9a7 0 0 277 346ccb19639 0 0
0 40aa43ae147ae148 0 0 0 0 7 34382e31363333
1 40aa43ae147ae148 66 7 0 0 12 303030303034382e31363333
1 40aa43ae147ae148 65 3 0 0 9 33302b653236332e33
1 40aa43ae147ae148 45 15 0 0 21 33302b453030303030303030303034383136332e33
1 40aa43ae147ae148 67 19 0 0 20 3634313030303030303030303034382e31363333
1 40aa43ae147ae148 47 7 0 0 7 34382e31363333
2 40aa43ae147ae148 0 0 -14 4aa5d911b2b800f 0 0
0 3ea2677e167c6959 0 0 0 0 21 37302d653430333036333239313939383438342e35
1 3ea2677e167c6959 66 16 0 0 18 323931393938343834353030303030302e30
1 3ea2677e167c6959 65 6 0 0 12 37302d653939383438342e35
1 3ea2677e167c6959 45 7 0 0 13 37302d45323939383438342e35
1 3ea2677e167c6959 67 13 0 0 17 37302d6536333239313939383438342e35
1 3ea2677e167c6959 47 16 0 0 21 37302d453430333036333239313939383438342e35
2 3ea2679441739b61 0 0 -10 156d 0 0
0 40b2ece3d70a3d71 0 0 0 0 7 39382e34343834
1 40b2ece3d70a3d71 66 7 0 0 12 303030303039382e34343834
1 40b2ece3d70a3d71 65 4 0 0 10 33302b65393434382e34
1 40b2ece3d70a3d71 45 2 0 0 8 33302b4534382e34
1 40b2ece3d70a3d71 67 5 0 0 6 392e34343834
1 40b2ece3d70a3d71 47 13 0 0 7 39382e34343834
2 40b2ece3d70a3d71 0 0 -22 28137421b8d66d06b8093e 0 0
0 397e5de3627864c3 0 0 0 0 21 32332d653932333036353836353737343735332e39
1 397e5de3627864c3 66 0 0 0 1 30
1 397e5de3627864c3 65 3 0 0 9 32332d653735332e39
1 397e5de3627864c3 45 11 0 0 17 32332d4536353836353737343735332e39
1 397e5de3627864c3 67 15 0 0 20 32332d6533333036353836353737343735332e39
1 397e5de3627864c3 47 15 0 0 20 32332d4533333036353836353737343735332e39
2 397e5de3e6d9b76a 0 0 -37 e4744 0 0
0 425b3a0f8e183ec4 0 0 0 0 17 373038392e343437393538323537373634
1 425b3a0f8e183ec4 66 14 0 0 27 30303532363039383231373038392e343437393538323537373634
1 425b3a0f8e183ec4 65 12 0 0 18 31312b653035343739353832353737362e34
1 425b3a0f8e183ec4 45 10 0 0 16 31312b45343739353832353737362e34
1 425b3a0f8e183ec4 67 0 0 0 5 31312b6535
1 425b3a0f8e183ec4 47 13 0 0 12 353437393538323537373634
2 425b3a04a5600000 0 0 7 b6b7 0 0
0 2e06aaece8dd5d60 0 0 0 0 21 37382d653834313037383935363032343739362e35
1 2e06aaece8dd5d60 66 5 0 0 7 30303030302e30
1 2e06aaece8dd5d60 65 0 0 0 5 37382d6536
1 2e06aaece8dd5d60 45 13 0 0 19 37382d45313037383935363032343739362e35
1 2e06aaece8dd5d60 67 17 0 0 22 37382d65313834313037383935363032343739362e35
1 2e06aaece8dd5d60 47 10 0 0 14 37382d4536363032343739362e35
2 2e06aaece8df956a 0 0 -95 21f592f2 0 0
0 5a60322ebb55fc14 0 0 0 0 22 3732312b653835363139373537393638363239312e32
1 5a60322ebb55fc14 65 2 0 0 9 3732312b6539312e32
1 5a60322ebb55fc14 45 19 0 0 26 3732312b45313937373735363139373537393638363239312e32
1 5a60322ebb55fc14 67 12 0 0 18 3732312b6539373537393638363239312e32
1 5a60322ebb55fc14 47 20 0 0 26 3732312b45313937373735363139373537393638363239312e32
2 5a60322ebb55fc14 0 0 102 122331fdca3a2d56d72362 0 0
0 43aa9662ec2205ba 0 0 0 0 21 37312b653634363637303938323733313937352e39
1 43aa9662ec2205ba 66 2 0 0 21 30302e303436343636373039383237333139373539
1 43aa9662ec2205ba 65 7 0 0 13 37312b65333733313937352e39
1 43aa9662ec2205ba 45 5 0 0 11 37312b4534313937352e39
1 43aa9662ec2205ba 67 7 0 0 12 37312b653733313937352e39
1 43aa9662ec2205ba 47 18 0 0 18 303436343636373039383237333139373539
2 43aa9662ec224cff 0 0 7 164d9c5a5b 0 0
0 389209c08d564d2a 0 0 0 0 21 36332d653836333231353338343838353239332e33
1 389209c08d564d2a 66 3 0 0 5 3030302e30
1 389209c08d564d2a 65 0 0 0 5 36332d6533
1 389209c08d564d2a 45 18 0 0 24 36332d453736313836333231353338343838353239332e33
1 389209c08d564d2a 67 9 0 0 14 36332d6538343838353239332e33
1 389209c08d564d2a 47 20 0 0 25 36332d45323736313836333231353338343838353239332e33
2 389209c08d564d2a 0 0 -56 1264298d1ae3967f54 0 0
0 435f59cc80e3494b 0 0 0 0 22 36312b65383634393334343935363338373932352e33
1 435f59cc80e3494b 66 5 0 0 23 30303030302e3836343933343439353633383739323533
1 435f59cc80e3494b 65 3 0 0 9 36312b653033352e33
1 435f59cc80e3494b 45 15 0 0 21 36312b453734393334343935363338373932352e33
1 435f59cc80e3494b 67 8 0 0 13 36312b65373338373932352e33
1 435f59cc80e3494b 47 4 0 0 8 36312b4533352e33
2 435f59cc80d259e0 0 0 7 d264396b 0 0
0 3e98da9549d5d5cf 0 0 0 0 22 37302d65373135333038383932383031353330372e33
1 3e98da9549d5d5cf 66 1 0 0 3 302e30
1 3e98da9549d5d5cf 65 20 0 0 26 37302d6531303032373135333038383932383031353330372e33
1 3e98da9549d5d5cf 45 2 0 0 8 37302d4530372e33
1 3e98da9549d5d5cf 67 14 0 0 19 37302d65343038383932383031353330372e33
1 3e98da9549d5d5cf 47 11 0 0 16 37302d45393932383031353330372e33
2 3e98da9549d5d5cc 0 0 -21 150d514be6203 0 0
0 50368085acceb1ec 0 0 0 0 21 38372b653838303237313139313835353530362e32
1 50368085acceb1ec 65 11 0 0 17 38372b6537313139313835353530362e32
1 50368085acceb1ec 45 0 0 0 5 38372b4533
1 50368085acceb1ec 67 10 0 0 15 38372b653139313835353530362e32
1 50368085acceb1ec 47 9 0 0 14 38372b4539313835353530362e32
2 50368085acceb1ec 0 0 53 158d7becfae0af45a06290 0 0
0 43df72a7e6f4b8c3 0 0 0 0 21 38312b653738333334363139363233323436302e39
1 43df72a7e6f4b8c3 66 17 0 0 37 30303030303030303030303030303030302e30383836383333343631393632333234363039
1 43df72a7e6f4b8c3 65 1 0 0 7 38312b65312e39
1 43df72a7e6f4b8c3 45 11 0 0 17 38312b4534363139363233323436302e39
1 43df72a7e6f4b8c3 67 4 0 0 9 38312b653436302e39
1 43df72a7e6f4b8c3 47 1 0 0 5 38312b4539
2 43df72a7e6f41341 0 0 8 151ab42584 0 0
0 3e3fd4b02cc84546 0 0 0 0 21 39302d653334363233313932373838313131342e37
1 3e3fd4b02cc84546 66 14 0 0 16 39313131343730303030303030302e30
1 3e3fd4b02cc84546 65 2 0 0 8 39302d6531342e37
1 3e3fd4b02cc84546 45 9 0 0 15 39302d453932373838313131342e37
1 3e3fd4b02cc84546 67 11 0 0 16 39302d65313932373838313131342e37
1 3e3fd4b02cc84546 47 1 0 0 5 39302d4537
2 3e3fd47b0d6a42f1 0 0 -12 1cf3 0 0
0 7fb81f653f1b6324 0 0 0 0 23 3730332b65323832373834373239323934393339362e31
1 7fb81f653f1b6324 65 5 0 0 12 3730332b6535393339362e31
1 7fb81f653f1b6324 45 15 0 0 22 3730332b453832373834373239323934393339362e31
1 7fb81f653f1b6324 67 6 0 0 12 3730332b6535393339362e31
1 7fb81f653f1b6324 47 18 0 0 24 3730332b4534323832373834373239323934393339362e31
2 7fb81f653f1b6323 0 0 292 604a34ddc9fb8 0 0
0 7a1d2e434256b8cb 0 0 0 0 22 3038322b653735383131393133363138323535362e31
1 7a1d2e434256b8cb 65 16 0 0 23 3038322b65303735383131393133363138323535362e31
1 7a1d2e434256b8cb 45 16 0 0 23 3038322b45303735383131393133363138323535362e31
1 7a1d2e434256b8cb 67 5 0 0 11 3038322b65333535362e31
1 7a1d2e434256b8cb 47 17 0 0 22 3038322b453735383131393133363138323535362e31
2 7a1d2e4341c5f707 0 0 272 9ddc263 0 0
0 144d8310aad19a0c 0 0 0 0 22 3131322d653833303034303938333032313331302e37
1 144d8310aad19a0c 66 20 0 0 22 30303030303030303030303030303030303030302e30
1 144d8310aad19a0c 65 2 0 0 9 3131322d6531302e37
1 144d8310aad19a0c 45 4 0 0 11 3131322d45313331302e37
1 144d8310aad19a0c 67 14 0 0 18 3131322d6534303938333032313331302e37
1 144d8310aad19a0c 47 1 0 0 6 3131322d4537
2 144d8310aae2f3a9 0 0 -219 29cd2c27 0 0
0 333adee9c81fd189 0 0 0 0 21 32362d653836383438313034363831393133352e36
1 333adee9c81fd189 66 19 0 0 21 303030303030303030303030303030303030302e30
1 333adee9c81fd189 65 0 0 0 5 32362d6537
1 333adee9c81fd189 45 17 0 0 23 32362d4537303836383438313034363831393133352e36
1 333adee9c81fd189 67 10 0 0 14 32362d6534363831393133352e36
1 333adee9c81fd189 47 16 0 0 21 32362d453836383438313034363831393133352e36
2 333adee9c82015fb 0 0 -72 f3553afe2 0 0
0 2637926ebc96b28e 0 0 0 0 23 3432312d65343534393830313137363439383239332e31
1 2637926ebc96b28e 66 0 0 0 1 30
1 2637926ebc96b28e 65 19 0 0 26 3432312d65383638333534393830313137363439383239332e31
1 2637926ebc96b28e 45 11 0 0 18 3432312d4531313137363439383239332e31
1 2637926ebc96b28e 67 19 0 0 25 3432312d653738333534393830313137363439383239332e31
1 2637926ebc96b28e 47 18 0 0 24 3432312d4539333534393830313137363439383239332e31
2 2637926ebc96b1b6 0 0 -137 cab15ebba31 0 0
0 f8f37135f438c7fc 0 0 0 0 24 3437322b65353435373033383735313339303730322e342d
1 f8f37135f438c7fc 65 0 0 0 7 3437322b65342d
1 f8f37135f438c7fc 45 12 0 0 20 3437322b453133383735313339303730322e342d
1 f8f37135f438c7fc 67 13 0 0 20 3437322b653133383735313339303730322e342d
1 f8f37135f438c7fc 47 16 0 0 23 3437322b453435373033383735313339303730322e342d
2 78f37135f438c7fb 0 0 259 ef2543535a062 0 0
0 7120f823a62ca730 0 0 0 0 22 3633322b653833343139343832313437373233362e38
1 7120f823a62ca730 65 15 0 0 22 3633322b653833343139343832313437373233362e38
1 7120f823a62ca730 45 10 0 0 17 3633322b45353832313437373233362e38
1 7120f823a62ca730 67 19 0 0 25 3633322b653134343833343139343832313437373233362e38
1 7120f823a62ca730 47 10 0 0 16 3633322b453832313437373233362e38
2 7120f823a62ca730 0 0 220 132b29f918c94d0 0 0
0 e36815daf70856fa 0 0 0 0 22 3037312b6531353730313133323338373137322e372d
1 e36815daf70856fa 65 11 0 0 19 3037312b6531313133323338373137322e372d
1 e36815daf70856fa 45 0 0 0 7 3037312b45372d
1 e36815daf70856fa 67 0 0 0 7 3037312b65372d
1 e36815daf70856fa 47 7 0 0 14 3037312b453338373137322e372d
2 636815daf70856fa 0 0 153 a1774d505616b4c 0 0
0 3b33b7dfb26199ae 0 0 0 0 22 33322d65353637363930303839393535303133362e31
1 3b33b7dfb26199ae 66 14 0 0 16 30303030303030303030303030302e30
1 3b33b7dfb26199ae 65 5 0 0 11 33322d6536303133362e31
1 3b33b7dfb26199ae 45 7 0 0 13 33322d45303635303133362e31
1 3b33b7dfb26199ae 67 14 0 0 19 33322d65373930303839393535303133362e31
1 3b33b7dfb26199ae 47 19 0 0 24 33322d453635343637363930303839393535303133362e31
2 3b33b7dfb26199ae 0 0 -41 16a2acc9da2312a8 0 0
0 40adc3570a3d70a4 0 0 0 0 7 37362e39303833
1 40adc3570a3d70a4 66 16 0 0 21 383237303030303030303030303037362e39303833
1 40adc3570a3d70a4 65 2 0 0 8 33302b6531382e33
1 40adc3570a3d70a4 45 17 0 0 23 33302b4537303030303030303030303037363930382e33
1 40adc3570a3d70a4 67 1 0 0 5 33302b6534
1 40adc3570a3d70a4 47 14 0 0 7 37362e39303833
2 40adc40000000000 0 0 0 ee2 0 0
0 1b289b3a4320ef18 0 0 0 0 22 3837312d653138393831313834383631333039352e37
1 1b289b3a4320ef18 66 18 0 0 20 3030303030303030303030303030303030302e30
1 1b289b3a4320ef18 65 15 0 0 22 3837312d653138393831313834383631333039352e37
1 1b289b3a4320ef18 45 9 0 0 16 3837312d453834383631333039352e37
1 1b289b3a4320ef18 67 16 0 0 22 3837312d653138393831313834383631333039352e37
1 1b289b3a4320ef18 47 4 0 0 9 3837312d4539352e37
2 1b289b3a4320ef17 0 0 -192 2b255d5f24c7a 0 0
0 21b8fc75da1bba20 0 0 0 0 23 3634312d65363931363839383539363432353632312e33
1 21b8fc75da1bba20 66 12 0 0 14 3030303030303030303030302e30
1 21b8fc75da1bba20 65 4 0 0 11 3634312d65353632312e33
1 21b8fc75da1bba20 45 16 0 0 23 3634312d45363931363839383539363432353632312e33
1 21b8fc75da1bba20 67 5 0 0 11 3634312d65353632312e33
1 21b8fc75da1bba20 47 20 0 0 26 3634312d45343333363931363839383539363432353632312e33
2 21b8fc75daa880b6 0 0 -154 12a2b2b6 0 0
0 40a66ddc28f5c28f 0 0 0 0 7 33392e30373832
1 40a66ddc28f5c28f 66 13 0 0 18 383939393939393939393932392e30373832
1 40a66ddc28f5c28f 65 1 0 0 7 33302b65392e32
1 40a66ddc28f5c28f 45 0 0 0 5 33302b4533
1 40a66ddc28f5c28f 67 15 0 0 7 33392e30373832
1 40a66ddc28f5c28f 47 13 0 0 7 33392e30373832
2 40a66ddc28f5c28f 0 0 -9 29c70c34880 0 0
0 409e05f5c28f5c29 0 0 0 0 7 39342e31323931
1 409e05f5c28f5c29 66 7 0 0 12 303030303039342e31323931
1 409e05f5c28f5c29 65 11 0 0 17 33302b6530303030303039343132392e31
1 409e05f5c28f5c29 45 1 0 0 7 33302b45392e31
1 409e05f5c28f5c29 67 5 0 0 6 352e31323931
1 409e05f5c28f5c29 47 20 0 0 21 313930303030303030303030303039342e31323931
2 409db00000000000 0 0 2 13 0 0
0 ed152bdb57f20287 0 0 0 0 24 3731322b65373534373435323937333034333931392e322d
1 ed152bdb57f20287 65 19 0 0 27 3731322b65393438363534373435323937333034333931392e322d
1 ed152bdb57f20287 45 18 0 0 26 3731322b453538363534373435323937333034333931392e322d
1 ed152bdb57f20287 67 16 0 0 23 3731322b653634373435323937333034333931392e322d
1 ed152bdb57f20287 47 1 0 0 7 3731322b45332d
2 6d152bdb57f2022a 0 0 204 1a8d1e767ca3 0 0
0 40c135accccccccd 0 0 0 0 7 35332e31313838
1 40c135accccccccd 66 10 0 0 15 303030303030303035332e31313838
1 40c135accccccccd 65 10 0 0 16 33302b65303030303035333131382e38
1 40c135accccccccd 45 16 0 0 22 33302b45343030303030303030303035333131382e38
1 40c135accccccccd 67 8 0 0 7 35332e31313838
1 40c135accccccccd 47 2 0 0 7 33302b45382e38
2 40c135accccccccd 0 0 -5 34850d98 0 0
0 3fb41deda3bac75c 0 0 0 0 19 36343339383430333936363138353837302e30
1 3fb41deda3bac75c 66 17 0 0 19 36343339383430333936363138353837302e30
1 3fb41deda3bac75c 65 15 0 0 21 32302d653634333938343033393636313835382e37
1 3fb41deda3bac75c 45 13 0 0 19 32302d45333938343033393636313835382e37
1 3fb41deda3bac75c 67 6 0 0 9 373138353837302e30
1 3fb41deda3bac75c 47 20 0 0 23 3736343436343339383430333936363138353837302e30
2 3fb41deda3bac75c 0 0 -25 a66735526cbac0d565f4 0 0
0 3dbc5cc6ca619d81 0 0 0 0 21 31312d653633303931313830303634353937352e32
1 3dbc5cc6ca619d81 66 8 0 0 10 30303030303030302e30
1 3dbc5cc6ca619d81 65 17 0 0 23 31312d6533393533303931313830303634353937352e32
1 3dbc5cc6ca619d81 45 7 0 0 13 31312d45303634353937352e32
1 3dbc5cc6ca619d81 67 10 0 0 15 31312d653830303634353937352e32
1 3dbc5cc6ca619d81 47 9 0 0 14 31312d4531303634353937352e32
2 3dbc5cc6c8e23462 0 0 -17 275c5a 0 0
0 ee2c08becbe042d6 0 0 0 0 23 3232322b653732363439313532323730383636302e352d
1 ee2c08becbe042d6 65 6 0 0 14 3232322b653730383636302e352d
1 ee2c08becbe042d6 45 17 0 0 25 3232322b4531313732363439313532323730383636302e352d
1 ee2c08becbe042d6 67 14 0 0 21 3232322b65363439313532323730383636302e352d
1 ee2c08becbe042d6 47 0 0 0 7 3232322b45352d
2 6e2c08becbe042d6 0 0 198 430f02b88cb4e3099d306 0 0
0 7a29528675ebdde8 0 0 0 0 23 3038322b65353232303632323131303233383237382e32
1 7a29528675ebdde8 65 7 0 0 14 3038322b65303233383237382e32
1 7a29528675ebdde8 45 0 0 0 6 3038322b4533
1 7a29528675ebdde8 67 3 0 0 9 3038322b6537382e32
1 7a29528675ebdde8 47 16 0 0 22 3038322b453232303632323131303233383237382e32
2 7a29528675ebdde8 0 0 259 9bbc8d954b32150ebc 0 0
0 75b7a06ae3255e6e 0 0 0 0 22 3935322b653131313636353930393431323533312e31
1 75b7a06ae3255e6e 65 8 0 0 15 3935322b6531393431323533312e31
1 75b7a06ae3255e6e 45 2 0 0 9 3935322b4534312e31
1 75b7a06ae3255e6e 67 6 0 0 12 3935322b6531323533312e31
1 75b7a06ae3255e6e 47 2 0 0 8 3935322b45312e31
2 75b7a06ae3255e6e 0 0 242 1934f31ced76e1b 0 0
0 3fec08ceab33b0c7 0 0 0 0 18 353830303334383930313537303637382e30
1 3fec08ceab33b0c7 66 17 0 0 19 31353830303334383930313537303637382e30
1 3fec08ceab33b0c7 65 13 0 0 19 31302d65313033343839303135373036372e38
1 3fec08ceab33b0c7 45 13 0 0 19 31302d45313033343839303135373036372e38
1 3fec08ceab33b0c7 67 4 0 0 6 313637382e30
1 3fec08ceab33b0c7 47 15 0 0 17 3930303334383930313537303637382e30
2 3fec08ceab33b0c7 0 0 -22 1daebd84392d2742fe9 0 0
0 414213b3313641e1 0 0 0 0 18 363230333836343438332e32383339363332
1 414213b3313641e1 66 17 0 0 25 35343036333639353230333836343438332e32383339363332
1 414213b3313641e1 65 7 0 0 13 36302b65343238333936332e32
1 414213b3313641e1 45 18 0 0 24 36302b453639353230333836343438333238333936332e32
1 414213b3313641e1 67 14 0 0 15 333836343438332e32383339363332
1 414213b3313641e1 47 16 0 0 17 3330333836343438332e32383339363332
2 414213b3313641e1 0 0 -12 20e1bcb9a34d1b04 0 0
0 40bb17cccccccccd 0 0 0 0 6 382e35333936
1 40bb17cccccccccd 66 7 0 0 12 303030303030382e35333936
1 40bb17cccccccccd 65 7 0 0 13 33302b65303030383533392e36
1 40bb17cccccccccd 45 18 0 0 24 33302b453238313030303030303030303030383533392e36
1 40bb17cccccccccd 67 3 0 0 8 33302b6534392e36
1 40bb17cccccccccd 47 16 0 0 6 382e35333936
2 40baf40000000000 0 0 2 45 0 0
0 424b22a46ae442b1 0 0 0 0 18 33303132352e383032353336303930333332
1 424b22a46ae442b1 66 9 0 0 22 3131363632303132352e383032353336303930333332
1 424b22a46ae442b1 65 13 0 0 19 31312b65323538303235333630393033332e32
1 424b22a46ae442b1 45 16 0 0 22 31312b45333031323538303235333630393033332e32
1 424b22a46ae442b1 67 9 0 0 14 31312b6535333630393033332e32
1 424b22a46ae442b1 47 1 0 0 5 31312b4532
2 424b22a46ae442b1 0 0 -10 7e5bd2e18ce48c7a01 0 0
0 67a1e696de74bf24 0 0 0 0 23 3139312b65353631333130373631393733313539352e31
1 67a1e696de74bf24 65 15 0 0 22 3139312b653631333130373631393733313539352e31
1 67a1e696de74bf24 45 14 0 0 21 3139312b4532333130373631393733313539352e31
1 67a1e696de74bf24 67 10 0 0 16 3139312b653731393733313539352e31
1 67a1e696de74bf24 47 3 0 0 8 3139312b45362e31
2 67a1e6317030c831 0 0 188 63b 0 0
0 8e93b9dba40a3a4c 0 0 0 0 23 3833322d653336383333373737393331333339382e312d
1 8e93b9dba40a3a4c 66 19 0 0 22 303030303030303030303030303030303030302e302d
1 8e93b9dba40a3a4c 65 5 0 0 13 3833322d6531333339382e312d
1 8e93b9dba40a3a4c 45 13 0 0 21 3833322d45393333373737393331333339382e312d
1 8e93b9dba40a3a4c 67 2 0 0 9 3833322d65392e312d
1 8e93b9dba40a3a4c 47 0 0 0 7 3833322d45322d
2 0e93b9dba416230c 0 0 -247 70d9adba 0 0
0 1bb1f60cf2345ef0 0 0 0 0 23 3537312d65333238373536323335393831373633382e32
1 1bb1f60cf2345ef0 66 6 0 0 8 3030303030302e30
1 1bb1f60cf2345ef0 65 11 0 0 18 3537312d6537323335393831373633382e32
1 1bb1f60cf2345ef0 45 0 0 0 6 3537312d4533
1 1bb1f60cf2345ef0 67 11 0 0 17 3537312d65333335393831373633382e32
1 1bb1f60cf2345ef0 47 1 0 0 6 3537312d4533
2 1bb1f60cf2345eef 0 0 -190 a13fb19897a76 0 0
0 43aa3084efc9e009 0 0 0 0 21 37312b653435393533343634303237373533342e39
1 43aa3084efc9e009 66 18 0 0 37 3030303030303030303030303030303030302e323933353935333436343032373735333439
1 43aa3084efc9e009 65 3 0 0 9 37312b653633342e39
1 43aa3084efc9e009 45 10 0 0 16 37312b45343634303237373533342e39
1 43aa3084efc9e009 67 2 0 0 7 37312b65342e39
1 43aa3084efc9e009 47 17 0 0 22 37312b45393335393533343634303237373533342e39
2 43aa3084eda050c0 0 0 10 59fc8d8 0 0
0 4b748733d23bf8f7 0 0 0 0 22 35352b65353332303436313535343732393534312e33
1 4b748733d23bf8f7 66 10 0 0 67 303030303030303030302e3032373033363536363034333237303733313835333433303330343139313031313330363334303533323034363135353437323935343133
1 4b748733d23bf8f7 65 14 0 0 20 35352b6532303436313535343732393534312e33
1 4b748733d23bf8f7 45 14 0 0 20 35352b4532303436313535343732393534312e33
1 4b748733d23bf8f7 67 14 0 0 18 35352b653436313535343732393534312e33
1 4b748733d23bf8f7 47 7 0 0 12 35352b453732393534312e33
2 4b748733d23bdc19 0 0 44 493f30582c 0 0
0 40800b35406724ae 0 0 0 0 17 383933303534373130303130342e333135
1 40800b35406724ae 66 13 0 0 17 383933303534373130303130342e333135
1 40800b35406724ae 65 12 0 0 18 32302b653035343731303031303433312e35
1 40800b35406724ae 45 8 0 0 14 32302b4532303031303433312e35
1 40800b35406724ae 67 9 0 0 10 3230303130342e333135
1 40800b35406724ae 47 10 0 0 11 373130303130342e333135
2 40800b35406724ae 0 0 -23 2a77b06840f2c29add5a5b 0 0
0 6baa36c776901855 0 0 0 0 23 3031322b65333435303038343636343433303930332e34
1 6baa36c776901855 65 3 0 0 10 3031322b653930332e34
1 6baa36c776901855 45 15 0 0 22 3031322b453435303038343636343433303930332e34
1 6baa36c776901855 67 10 0 0 16 3031322b653636343433303930332e34
1 6baa36c776901855 47 1 0 0 6 3031322b4534
2 6baa36c7769017f8 0 0 199 6453d8cc78 0 0
0 400108928b6a1783 0 0 0 0 18 363237373831363136373538313932312e32
1 400108928b6a1783 66 10 0 0 12 363136373538313932312e32
1 400108928b6a1783 65 16 0 0 22 30302b65363237373831363136373538313932312e32
1 400108928b6a1783 45 12 0 0 18 30302b453931363136373538313932312e32
1 400108928b6a1783 67 17 0 0 18 363237373831363136373538313932312e32
1 400108928b6a1783 47 8 0 0 9 383538313932312e32
2 400108928b6a1983 0 0 -12 1efbd5c6953 0 0
0 78358352d415823f 0 0 0 0 23 3137322b65383631313832323630313931353633312e31
1 78358352d415823f 65 8 0 0 15 3137322b6531313931353633312e31
1 78358352d415823f 45 4 0 0 11 3137322b45353633312e31
1 78358352d415823f 67 20 0 0 26 3137322b65333939373631313832323630313931353633312e31
1 78358352d415823f 47 16 0 0 22 3137322b453731313832323630313931353633312e31
2 78358352b2594c4f 0 0 265 115787 0 0
0 64dd9f8520ce4c23 0 0 0 0 22 3737312b653833393430323631323034353230352e37
1 64dd9f8520ce4c23 65 12 0 0 19 3737312b653530323631323034353230352e37
1 64dd9f8520ce4c23 45 12 0 0 19 3737312b453530323631323034353230352e37
1 64dd9f8520ce4c23 67 19 0 0 24 3737312b6532363733393430323631323034353230352e37
1 64dd9f8520ce4c23 47 3 0 0 8 3737312b45352e37
2 64dd9f8520ce4bf9 0 0 164 443c3671eb81 0 0
0 bdf26a75a8be9ad7 0 0 0 0 22 30312d653531393131393032303036383937362e322d
1 bdf26a75a8be9ad7 66 6 0 0 9 3030303030302e302d
1 bdf26a75a8be9ad7 65 17 0 0 24 30312d6531323531393131393032303036383937362e322d
1 bdf26a75a8be9ad7 45 17 0 0 24 30312d4531323531393131393032303036383937362e322d
1 bdf26a75a8be9ad7 67 12 0 0 18 30312d6531393032303036383937362e322d
1 bdf26a75a8be9ad7 47 2 0 0 8 30312d45372e322d
2 3df26a75a8be9ad7 0 0 -27 3b813d95b6c2ce1 0 0
0 41fdbb18ef74db27 0 0 0 0 17 3430353330332e31373034313830383937
1 41fdbb18ef74db27 66 5 0 0 16 30353330332e31373034313830383937
1 41fdbb18ef74db27 65 16 0 0 22 39302b65303430353330333137303431383038392e37
1 41fdbb18ef74db27 45 3 0 0 9 39302b453138392e37
1 41fdbb18ef74db27 67 4 0 0 9 39302b653138392e37
1 41fdbb18ef74db27 47 13 0 0 14 3430332e31373034313830383937
2 41fdbb18ef74db27 0 0 -9 6ec18c1d1a7c0076 0 0
0 350d598e2b65e82d 0 0 0 0 21 33352d653931303636343036393033333033382e33
1 350d598e2b65e82d 66 19 0 0 21 303030303030303030303030303030303030302e30
1 350d598e2b65e82d 65 8 0 0 14 33352d6536393033333033382e33
1 350d598e2b65e82d 45 4 0 0 10 33352d45333033382e33
1 350d598e2b65e82d 67 18 0 0 23 33352d6537313931303636343036393033333033382e33
1 350d598e2b65e82d 47 1 0 0 5 33352d4534
2 350d597e9f4625f8 0 0 -57 959f 0 0
0 40be31999999999a 0 0 0 0 6 362e39323737
1 40be31999999999a 66 14 0 0 19 36333030303030303030303030362e39323737
1 40be31999999999a 65 3 0 0 9 33302b653033372e37
1 40be31999999999a 45 17 0 0 23 33302b4536333030303030303030303030363932372e37
1 40be31999999999a 67 6 0 0 6 362e39323737
1 40be31999999999a 47 7 0 0 6 362e39323737
2 40be320000000000 0 0 1 305 0 0
0 40a4684ccccccccd 0 0 0 0 7 35312e32313632
1 40a4684ccccccccd 66 13 0 0 18 313030303030303030303035312e32313632
1 40a4684ccccccccd 65 19 0 0 25 33302b65393039303030303030303030303035313231362e32
1 40a4684ccccccccd 45 6 0 0 12 33302b453035313231362e32
1 40a4684ccccccccd 67 4 0 0 4 32313632
1 40a4684ccccccccd 47 16 0 0 7 35312e32313632
2 40a4684ccccccccd 0 0 -2 3fc5f 0 0
0 3927e8b7885b68e6 0 0 0 0 22 33332d65353331333433363331383735333230332e32
1 3927e8b7885b68e6 66 11 0 0 13 30303030303030303030302e30
1 3927e8b7885b68e6 65 19 0 0 25 33332d65313738343331333433363331383735333230332e32
1 3927e8b7885b68e6 45 8 0 0 14 33332d4531383735333230332e32
1 3927e8b7885b68e6 67 2 0 0 7 33332d65332e32
1 3927e8b7885b68e6 47 15 0 0 20 33332d4531333433363331383735333230332e32
2 3927e8b7886bb84d 0 0 -42 893b3136 0 0
0 422855c57de1ad50 0 0 0 0 16 353833382e3034363031313935323235
1 422855c57de1ad50 66 3 0 0 15 3933382e3034363031313935323235
1 422855c57de1ad50 65 2 0 0 8 30312b6533322e35
1 422855c57de1ad50 45 1 0 0 7 30312b45322e35
1 422855c57de1ad50 67 9 0 0 14 30312b6536303131393532322e35
1 422855c57de1ad50 47 11 0 0 11 3134363031313935323235
2 422855c57de1ad50 0 0 -13 6ea9b87c281427bd4cf9 0 0
0 375608012b4a351f 0 0 0 0 22 32342d65343732363132313936383436363135392e33
1 375608012b4a351f 66 20 0 0 22 30303030303030303030303030303030303030302e30
1 375608012b4a351f 65 9 0 0 15 32342d653936383436363135392e33
1 375608012b4a351f 45 11 0 0 17 32342d4532313936383436363135392e33
1 375608012b4a351f 67 7 0 0 12 32342d653536363135392e33
1 375608012b4a351f 47 10 0 0 15 32342d453936383436363135392e33
2 375608012b4a351f 0 0 -58 8c642ebff42f92 0 0
0 df15f230e8c02e99 0 0 0 0 24 3035312b65393937353530333530313936343232312e312d
1 df15f230e8c02e99 65 4 0 0 12 3035312b65353232312e312d
1 df15f230e8c02e99 45 4 0 0 12 3035312b45353232312e312d
1 df15f230e8c02e99 67 5 0 0 12 3035312b65353232312e312d
1 df15f230e8c02e99 47 4 0 0 11 3035312b453232312e312d
2 5f15f230e8c02e99 0 0 134 27e0cc0aee4f37 0 0
0 40bb3f0ccccccccd 0 0 0 0 7 35302e35373936
1 40bb3f0ccccccccd 66 16 0 0 21 393138313030303030303030303035302e35373936
1 40bb3f0ccccccccd 65 13 0 0 19 33302b65303030303030303035303537392e36
1 40bb3f0ccccccccd 45 2 0 0 8 33302b4538392e36
1 40bb3f0ccccccccd 67 4 0 0 4 35373936
1 40bb3f0ccccccccd 47 14 0 0 7 35302e35373936
2 40bb3f0ccccccccd 0 0 -19 ec52ea374033be5c16d 0 0
0 4195b208a6a0ca06 0 0 0 0 17 36363032303735362e3938323739393039
1 4195b208a6a0ca06 66 13 0 0 22 363435323835363032303735362e3938323739393039
1 4195b208a6a0ca06 65 17 0 0 23 37302b6533383536303230373536393832373939302e39
1 4195b208a6a0ca06 45 7 0 0 13 37302b45303932373939302e39
1 4195b208a6a0ca06 67 20 0 0 21 3535323835363032303735362e3938323739393039
1 4195b208a6a0ca06 47 20 0 0 21 3535323835363032303735362e3938323739393039
2 4195b208a6a0ca06 0 0 -14 1ed4c1b91e02c5fa6b6 0 0
0 d0a919cd2b14173a 0 0 0 0 22 30382b653530303438393736383438323032372e332d
1 d0a919cd2b14173a 65 14 0 0 21 30382b6531303438393736383438323032372e332d
1 d0a919cd2b14173a 45 2 0 0 9 30382b4532372e332d
1 d0a919cd2b14173a 67 15 0 0 21 30382b6531303438393736383438323032372e332d
1 d0a919cd2b14173a 47 8 0 0 14 30382b45393438323032372e332d
2 50a919cd2b4e82b5 0 0 72 162cb447 0 0
0 40c24f547ae147ae 0 0 0 0 7 36362e34373339
1 40c24f547ae147ae 66 6 0 0 11 3030303036362e34373339
1 40c24f547ae147ae 65 13 0 0 19 33302b65303030303030303036363437332e39
1 40c24f547ae147ae 45 13 0 0 19 33302b45303030303030303036363437332e39
1 40c24f547ae147ae 67 14 0 0 7 36362e34373339
1 40c24f547ae147ae 47 16 0 0 7 36362e34373339
2 40c24f547ae147ae 0 0 -4 59675a8 0 0
0 6e5a109c57e87c08 0 0 0 0 22 3332322b653330303231383036313930373836372e33
1 6e5a109c57e87c08 65 6 0 0 13 3332322b653930373836372e33
1 6e5a109c57e87c08 45 4 0 0 11 3332322b45373836372e33
1 6e5a109c57e87c08 67 15 0 0 19 3332322b653231383036313930373836372e33
1 6e5a109c57e87c08 47 14 0 0 19 3332322b453231383036313930373836372e33
2 6e5a109c57d05d44 0 0 215 16769804 0 0
0 541d6cd82dd734a8 0 0 0 0 22 37392b65333535323532313533373439323137352e31
1 541d6cd82dd734a8 65 3 0 0 9 37392b653137352e31
1 541d6cd82dd734a8 45 19 0 0 25 37392b45313138323535323532313533373439323137352e31
1 541d6cd82dd734a8 67 11 0 0 16 37392b65313533373439323137352e31
1 541d6cd82dd734a8 47 4 0 0 9 37392b453137352e31
2 541d6cd82dd734a8 0 0 80 22e3c6c74754ed8 0 0
0 66733af15c92e88f 0 0 0 0 22 3538312b653830343132343935343235343836322e33
1 66733af15c92e88f 65 10 0 0 17 3538312b65343935343235343836322e33
1 66733af15c92e88f 45 8 0 0 15 3538312b4536343235343836322e33
1 66733af15c92e88f 67 13 0 0 19 3538312b653132343935343235343836322e33
1 66733af15c92e88f 47 8 0 0 14 3538312b45353235343836322e33
2 66733a42e6291fa3 0 0 182 cc4 0 0
0 40b97d30a3d70a3d 0 0 0 0 7 39312e35323536
1 40b97d30a3d70a3d 66 11 0 0 16 30303030303030303039312e35323536
1 40b97d30a3d70a3d 65 5 0 0 11 33302b6539313532352e36
1 40b97d30a3d70a3d 45 6 0 0 12 33302b453039313532352e36
1 40b97d30a3d70a3d 67 8 0 0 7 39312e35323536
1 40b97d30a3d70a3d 47 0 0 0 5 33302b4537
2 40b97d30a3d70a3d 0 0 -5 26e4a658 0 0
0 c2c1eeb005efcdc0 0 0 0 0 17 352e31353435333136303733333439332d
1 c2c1eeb005efcdc0 66 19 0 0 35 303030303030303030303030303030303030352e31353435333136303733333439332d
1 c2c1eeb005efcdc0 65 7 0 0 14 33312b65363037333334392e332d
1 c2c1eeb005efcdc0 45 11 0 0 18 33312b4535353331363037333334392e332d
1 c2c1eeb005efcdc0 67 5 0 0 11 33312b65343334392e332d
1 c2c1eeb005efcdc0 47 16 0 0 17 352e31353435333136303733333439332d
2 42c1eeb005efcdc0 0 0 -10 53810e0feea334d4fe00 0 0
0 3e2c245dbf921856 0 0 0 0 21 39302d653230383036323634343636313637322e33
1 3e2c245dbf921856 66 20 0 0 22 36323634343636313637323330303030303030302e30
1 3e2c245dbf921856 65 1 0 0 7 39302d65332e33
1 3e2c245dbf921856 45 10 0 0 16 39302d45333634343636313637322e33
1 3e2c245dbf921856 67 19 0 0 23 39302d6538393130383036323634343636313637322e33
1 3e2c245dbf921856 47 20 0 0 25 39302d45373937393130383036323634343636313637322e33
2 3e2c245dbf921856 0 0 -24 ba3a7f1412242 0 0
0 e0579a7f227335ab 0 0 0 0 24 3635312b65373336333336363730393438383536322e312d
1 e0579a7f227335ab 65 9 0 0 17 3635312b653830393438383536322e312d
1 e0579a7f227335ab 45 6 0 0 14 3635312b453538383536322e312d
1 e0579a7f227335ab 67 9 0 0 16 3635312b6531393438383536322e312d
1 e0579a7f227335ab 47 2 0 0 9 3635312b45332e312d
2 60579a7f232e55d3 0 0 148 78b964b 0 0
0 3fbe2f35bce921b0 0 0 0 0 19 35353330333631313636383730393731312e30
1 3fbe2f35bce921b0 66 11 0 0 13 32313636383730393731312e30
1 3fbe2f35bce921b0 65 3 0 0 9 31302d653937312e31
1 3fbe2f35bce921b0 45 14 0 0 20 31302d4534303336313136363837303937312e31
1 3fbe2f35bce921b0 67 18 0 0 19 35353330333631313636383730393731312e30
1 3fbe2f35bce921b0 47 0 0 0 3 312e30
2 3fbe2f35bce921b0 0 0 -17 29e3a86f9bd113 0 0
0 40baafae147ae148 0 0 0 0 7 38362e31333836
1 40baafae147ae148 66 12 0 0 17 3030303030303030303038362e31333836
1 40baafae147ae148 65 10 0 0 16 33302b65303030303038363133382e36
1 40baafae147ae148 45 4 0 0 10 33302b45373133382e36
1 40baafae147ae148 67 15 0 0 7 38362e31333836
1 40baafae147ae148 47 15 0 0 7 38362e31333836
2 40baafae147ae148 0 0 -9 6369fdc1000 0 0
0 f9c926243dd9b045 0 0 0 0 24 3837322b65363436313139383431373636303835342e342d
1 f9c926243dd9b045 65 3 0 0 11 3837322b653835342e342d
1 f9c926243dd9b045 45 16 0 0 24 3837322b45363436313139383431373636303835342e342d
1 f9c926243dd9b045 67 17 0 0 24 3837322b65363436313139383431373636303835342e342d
1 f9c926243dd9b045 47 0 0 0 7 3837322b45342d
2 79c926243dd9b07d 0 0 265 288bbed44a70 0 0
0 155bfe5dd4a4d831 0 0 0 0 21 3630322d6538393230363633313830333931372e38
1 155bfe5dd4a4d831 66 14 0 0 16 30303030303030303030303030302e30
1 155bfe5dd4a4d831 65 11 0 0 18 3630322d6530363633313830333931372e38
1 155bfe5dd4a4d831 45 3 0 0 10 3630322d453931372e38
1 155bfe5dd4a4d831 67 18 0 0 24 3630322d6531313038393230363633313830333931372e38
1 155bfe5dd4a4d831 47 16 0 0 21 3630322d4538393230363633313830333931372e38
2 155bfe5dd4a4d831 0 0 -220 31904366abc8a 0 0
0 40b2045c28f5c28f 0 0 0 0 7 36332e32313634
1 40b2045c28f5c28f 66 19 0 0 24 393138353237363939393939393939393935332e32313634
1 40b2045c28f5c28f 65 2 0 0 8 33302b6531362e34
1 40b2045c28f5c28f 45 20 0 0 26 33302b4538353237363939393939393939393935333231362e34
1 40b2045c28f5c28f 67 10 0 0 7 36332e32313634
1 40b2045c28f5c28f 47 17 0 0 18 373939393939393939393935332e32313634
2 40b2045c28f5c28f 0 0 -5 1b7de720 0 0
0 85cd3edfc5346287 0 0 0 0 24 3038322d65333330373533343436353536393630302e312d
1 85cd3edfc5346287 66 6 0 0 9 3030303030302e302d
1 85cd3edfc5346287 65 15 0 0 23 3038322d653330373533343436353536393630302e312d
1 85cd3edfc5346287 45 3 0 0 11 3038322d453730302e312d
1 85cd3edfc5346287 67 13 0 0 20 3038322d653633343436353536393630302e312d
1 85cd3edfc5346287 47 9 0 0 16 3038322d4536353536393630302e312d
2 05cd3edfc5346284 0 0 -295 393d470c4ecf7 0 0
0 215f6e746012b564 0 0 0 0 22 3834312d653534313239373138363135333534312e36
1 215f6e746012b564 66 13 0 0 15 303030303030303030303030302e30
1 215f6e746012b564 65 9 0 0 16 3834312d653238363135333534312e36
1 215f6e746012b564 45 8 0 0 15 3834312d4538363135333534312e36
1 215f6e746012b564 67 8 0 0 14 3834312d65373135333534312e36
1 215f6e746012b564 47 6 0 0 12 3834312d4535333534312e36
2 215f6e746012b564 0 0 -169 14d23e2fb1f0e2a3b95 0 0
0 40b298f0a3d70a3d 0 0 0 0 7 34392e30363734
1 40b298f0a3d70a3d 66 7 0 0 12 303030303034392e30363734
1 40b298f0a3d70a3d 65 20 0 0 26 33302b6532383939353939393939393939393933393036372e34
1 40b298f0a3d70a3d 45 8 0 0 14 33302b4530303034393036372e34
1 40b298f0a3d70a3d 67 16 0 0 7 34392e30363734
1 40b298f0a3d70a3d 47 0 0 0 5 33302b4535
2 40b298e666666666 0 0 -1 b9f9 0 0
0 407153836924ac40 0 0 0 0 18 34323539323439363238353931322e373732
1 407153836924ac40 66 5 0 0 9 38353931322e373732
1 407153836924ac40 65 1 0 0 7 32302b65382e32
1 407153836924ac40 45 8 0 0 14 32302b4533383539313237372e32
1 407153836924ac40 67 13 0 0 14 333439363238353931322e373732
1 407153836924ac40 47 15 0 0 16 3539323439363238353931322e373732
2 407153836924ac40 0 0 -23 16ee5a5e7af05de6a0e7be 0 0
0 e3148443b18fb787 0 0 0 0 24 3936312b65383734373634303230343732373533392e312d
1 e3148443b18fb787 65 16 0 0 24 3936312b65383734373634303230343732373533392e312d
1 e3148443b18fb787 45 7 0 0 15 3936312b45343732373533392e312d
1 e3148443b18fb787 67 11 0 0 17 3936312b653230343732373533392e312d
1 e3148443b18fb787 47 16 0 0 23 3936312b453834373634303230343732373533392e312d
2 63148443b1328b6e 0 0 162 1275e5a 0 0
0 40c0968f5c28f5c3 0 0 0 0 7 32312e33393438
1 40c0968f5c28f5c3 66 1 0 0 6 312e33393438
1 40c0968f5c28f5c3 65 12 0 0 18 33302b653030303030303032313339342e38
1 40c0968f5c28f5c3 45 8 0 0 14 33302b4530303032313339342e38
1 40c0968f5c28f5c3 67 11 0 0 7 32312e33393438
1 40c0968f5c28f5c3 47 1 0 0 5 33302b4538
2 40c0968f5c28f5c3 0 0 -19 11fc212bff3788ba1fe1 0 0
0 3e73266d0cf2c2e7 0 0 0 0 21 38302d653932373032373532373836393333312e37
1 3e73266d0cf2c2e7 66 9 0 0 11 3137303030303030302e30
1 3e73266d0cf2c2e7 65 1 0 0 7 38302d65312e37
1 3e73266d0cf2c2e7 45 1 0 0 7 38302d45312e37
1 3e73266d0cf2c2e7 67 12 0 0 17 38302d6532373532373836393333312e37
1 3e73266d0cf2c2e7 47 6 0 0 11 38302d4537393333312e37
2 3e73266d0cf2c2e7 0 0 -24 fd73114d5a71fa 0 0
0 40b5f1970a3d70a4 0 0 0 0 7 39352e37313635
1 40b5f1970a3d70a4 66 3 0 0 8 3039352e37313635
1 40b5f1970a3d70a4 65 10 0 0 16 33302b65303030303039353731362e35
1 40b5f1970a3d70a4 45 13 0 0 19 33302b45303030303030303039353731362e35
1 40b5f1970a3d70a4 67 19 0 0 20 3634313030303030303030303039352e37313635
1 40b5f1970a3d70a4 47 17 0 0 18 313030303030303030303039352e37313635
2 40b5f1970a3d70a4 0 0 -14 7cbc4d58c60f00f 0 0
0 43b92cc665d3f764 0 0 0 0 22 38312b65343936363337353039383234303431382e31
1 43b92cc665d3f764 66 6 0 0 26 3030303030302e36373339363633373530393832343034313831
1 43b92cc665d3f764 65 0 0 0 5 38312b6532
1 43b92cc665d3f764 45 6 0 0 12 38312b453334303431382e31
1 43b92cc665d3f764 67 16 0 0 21 38312b653936363337353039383234303431382e31
1 43b92cc665d3f764 47 13 0 0 18 38312b453437353039383234303431382e31
2 43b92cc665d3f763 0 0 3 671dcc6199765 0 0
0 40aab9e147ae147b 0 0 0 0 7 34392e30323433
1 40aab9e147ae147b 66 1 0 0 6 392e30323433
1 40aab9e147ae147b 65 17 0 0 23 33302b6535303030303030303030303034393032342e33
1 40aab9e147ae147b 45 2 0 0 8 33302b4532342e33
1 40aab9e147ae147b 67 1 0 0 5 33302b6533
1 40aab9e147ae147b 47 19 0 0 20 3535303030303030303030303034392e30323433
2 40aa900000000000 0 0 2 22 0 0
0 5909c9ab8280b64c 0 0 0 0 22 3032312b653230333633353130333930383332332e38
1 5909c9ab8280b64c 65 10 0 0 17 3032312b65353130333930383332332e38
1 5909c9ab8280b64c 45 5 0 0 12 3032312b4531383332332e38
1 5909c9ab8280b64c 67 20 0 0 26 3032312b65353133343230333633353130333930383332332e38
1 5909c9ab8280b64c 47 19 0 0 25 3032312b453233343230333633353130333930383332332e38
2 5909c9ab8286e1d2 0 0 111 1f0234016 0 0
0 3db19d4c06de49e3 0 0 0 0 21 31312d653539363139313630313432303230362e31
1 3db19d4c06de49e3 66 1 0 0 3 302e30
1 3db19d4c06de49e3 65 13 0 0 19 31312d65373139313630313432303230362e31
1 3db19d4c06de49e3 45 15 0 0 21 31312d453539363139313630313432303230362e31
1 3db19d4c06de49e3 67 15 0 0 19 31312d65373139313630313432303230362e31
1 3db19d4c06de49e3 47 17 0 0 22 31312d45313539363139313630313432303230362e31
2 3db19d4c06deae4a 0 0 -21 3bae17aa6 0 0
0 20813beb649ecf61 0 0 0 0 23 3235312d65343738373032353736383939313331312e34
1 20813beb649ecf61 66 1 0 0 3 302e30
1 20813beb649ecf61 65 2 0 0 9 3235312d6531312e34
1 20813beb649ecf61 45 6 0 0 13 3235312d453030323331312e34
1 20813beb649ecf61 67 0 0 0 6 3235312d6534
1 20813beb649ecf61 47 0 0 0 6 3235312d4534
2 20813beb64a76f0f 0 0 -161 f52a72fc 0 0
0 6cff265efa619b61 0 0 0 0 23 3731322b65313338303732393534363432383337302e31
1 6cff265efa619b61 65 16 0 0 23 3731322b65313338303732393534363432383337302e31
1 6cff265efa619b61 45 0 0 0 6 3731322b4531
1 6cff265efa619b61 67 17 0 0 23 3731322b65313338303732393534363432383337302e31
1 6cff265efa619b61 47 1 0 0 6 3731322b4531
2 6cff265efc5d0d29 0 0 209 66686c1 0 0
0 40c1d7f5c28f5c29 0 0 0 0 7 32392e35333139
1 40c1d7f5c28f5c29 66 4 0 0 9 303032392e35333139
1 40c1d7f5c28f5c29 65 5 0 0 11 33302b6532393533312e39
1 40c1d7f5c28f5c29 45 15 0 0 21 33302b453030303030303030303032393533312e39
1 40c1d7f5c28f5c29 67 5 0 0 6 392e35333139
1 40c1d7f5c28f5c29 47 17 0 0 18 313030303030303030303032392e35333139
2 40c1d7f5c28f5c29 0 0 -18 1ef425bf3d242b91c38 0 0
0 3e7cb083919bd923 0 0 0 0 21 37302d653431343636353234343736373836302e31
1 3e7cb083919bd923 66 1 0 0 3 302e30
1 3e7cb083919bd923 65 5 0 0 11 37302d6537373836302e31
1 3e7cb083919bd923 45 0 0 0 5 37302d4531
1 3e7cb083919bd923 67 7 0 0 12 37302d653736373836302e31
1 3e7cb083919bd923 47 16 0 0 21 37302d453431343636353234343736373836302e31
2 3e7cb083919bd923 0 0 -24 17bb3d5282ad975 0 0
0 32b05537d3b5e514 0 0 0 0 22 34362d65373132343731383937393939383035352e31
1 32b05537d3b5e514 66 12 0 0 14 3030303030303030303030302e30
1 32b05537d3b5e514 65 3 0 0 9 34362d653135352e31
1 32b05537d3b5e514 45 20 0 0 26 34362d4530343131373132343731383937393939383035352e31
1 32b05537d3b5e514 67 4 0 0 9 34362d653135352e31
1 32b05537d3b5e514 47 6 0 0 10 34362d45393035352e31
2 32b05537d746c75e 0 0 -70 17aa34 0 0
0 4219bbea4374513e 0 0 0 0 18 3833333937302e3132363831373133363732
1 4219bbea4374513e 66 14 0 0 26 37343033373337303833333937302e3132363831373133363732
1 4219bbea4374513e 65 20 0 0 26 30312b6537333730383333393730313236383137313336372e32
1 4219bbea4374513e 45 6 0 0 12 30312b453237313336372e32
1 4219bbea4374513e 67 7 0 0 12 30312b653237313336372e32
1 4219bbea4374513e 47 6 0 0 11 30312b4537313336372e32
2 4219bbea4374513e 0 0 -6 622ae6d4f1672a 0 0
0 4052ef5c28f5c28f 0 0 0 0 5 34372e3537
1 4052ef5c28f5c28f 66 5 0 0 8 30303034372e3537
1 4052ef5c28f5c28f 65 20 0 0 26 31302b6531343838343939393939393939393939393337352e37
1 4052ef5c28f5c28f 45 1 0 0 7 31302b45362e37
1 4052ef5c28f5c28f 67 14 0 0 5 34372e3537
1 4052ef5c28f5c28f 47 11 0 0 5 34372e3537
2 4052ef5c28f5c28f 0 0 -24 3ea691a09059948091718f 0 0
0 40b8700ccccccccd 0 0 0 0 7 35302e36353236
1 40b8700ccccccccd 66 16 0 0 21 393138313030303030303030303035302e36353236
1 40b8700ccccccccd 65 15 0 0 21 33302b653030303030303030303035303635322e36
1 40b8700ccccccccd 45 13 0 0 19 33302b45303030303030303035303635322e36
1 40b8700ccccccccd 67 11 0 0 7 35302e36353236
1 40b8700ccccccccd 47 15 0 0 7 35302e36353236
2 40b8700ccccccccd 0 0 -13 de42717b788802 0 0
0 66bc21ef30f5400a 0 0 0 0 22 3638312b653331363033333030393134343035362e37
1 66bc21ef30f5400a 65 7 0 0 14 3638312b65393134343035362e37
1 66bc21ef30f5400a 45 1 0 0 8 3638312b45372e37
1 66bc21ef30f5400a 67 15 0 0 21 3638312b6531363033333030393134343035362e37
1 66bc21ef30f5400a 47 14 0 0 20 3638312b45363033333030393134343035362e37
2 66bc21ef30f5400a 0 0 165 19ebb3596928299c62e 0 0
0 40bd423ae147ae14 0 0 0 0 7 33322e30393437
1 40bd423ae147ae14 66 14 0 0 19 36353939393939393939393932322e30393437
1 40bd423ae147ae14 65 3 0 0 9 33302b653039342e37
1 40bd423ae147ae14 45 16 0 0 22 33302b45363939393939393939393932323039342e37
1 40bd423ae147ae14 67 8 0 0 7 33322e30393437
1 40bd423ae147ae14 47 12 0 0 7 33322e30393437
2 40bd423ae147ae14 0 0 -14 a6510733398efd4 0 0
0 425dc9f633746bcf 0 0 0 0 17 353438362e333131383236393637313135
1 425dc9f633746bcf 66 7 0 0 20 333930353438362e333131383236393637313135
1 425dc9f633746bcf 65 16 0 0 22 31312b65313534383633313138323639363731312e35
1 425dc9f633746bcf 45 5 0 0 11 31312b4530373731312e35
1 425dc9f633746bcf 67 7 0 0 12 31312b653639363731312e35
1 425dc9f633746bcf 47 16 0 0 17 353438362e333131383236393637313135
2 425dc9f633746bcf 0 0 -6 71a2bc3ea8cc81d 0 0
0 40a890b851eb851f 0 0 0 0 7 36332e34343133
1 40a890b851eb851f 66 13 0 0 18 313030303030303030303036332e34343133
1 40a890b851eb851f 65 11 0 0 17 33302b6530303030303036333434312e33
1 40a890b851eb851f 45 18 0 0 24 33302b453732313030303030303030303036333434312e33
1 40a890b851eb851f 67 9 0 0 7 36332e34343133
1 40a890b851eb851f 47 12 0 0 7 36332e34343133
2 40a890b851eb851f 0 0 -7 7522f4280 0 0
0 40a2ba5c28f5c28f 0 0 0 0 7 38312e37393332
1 40a2ba5c28f5c28f 66 2 0 0 7 38312e37393332
1 40a2ba5c28f5c28f 65 1 0 0 7 33302b65342e32
1 40a2ba5c28f5c28f 45 4 0 0 10 33302b45323739332e32
1 40a2ba5c28f5c28f 67 2 0 0 7 33302b65342e32
1 40a2ba5c28f5c28f 47 5 0 0 6 322e37393332
2 40a2ba0000000000 0 0 0 95d 0 0
0 425a2d1e9852d327 0 0 0 0 18 36323939322e333639373135343037393434
1 425a2d1e9852d327 66 17 0 0 30 30303035373339303137333535323939322e333639373135343037393434
1 425a2d1e9852d327 65 8 0 0 14 31312b6538313534303739342e34
1 425a2d1e9852d327 45 2 0 0 8 31312b4530352e34
1 425a2d1e9852d327 67 17 0 0 18 36323939322e333639373135343037393434
1 425a2d1e9852d327 47 14 0 0 14 332e333639373135343037393434
2 425a2d1e9a500000 0 0 4 2ae31d4 0 0
0 3fbf7ffda80d205b 0 0 0 0 19 39313235353331333533373634303332312e30
1 3fbf7ffda80d205b 66 20 0 0 22 32353838313235353331333533373634303332312e30
1 3fbf7ffda80d205b 65 10 0 0 16 31302d65313335333736343033322e31
1 3fbf7ffda80d205b 45 7 0 0 13 31302d45343736343033322e31
1 3fbf7ffda80d205b 67 19 0 0 21 353838313235353331333533373634303332312e30
1 3fbf7ffda80d205b 47 2 0 0 4 32312e30
2 3fbf7ffda8093881 0 0 -11 2dd6a6afb 0 0
0 562d9821f26b63dc 0 0 0 0 23 3730312b65363034303739343335323838343735332e31
1 562d9821f26b63dc 65 11 0 0 18 3730312b6530353335323838343735332e31
1 562d9821f26b63dc 45 15 0 0 22 3730312b453134303739343335323838343735332e31
1 562d9821f26b63dc 67 8 0 0 14 3730312b65333838343735332e31
1 562d9821f26b63dc 47 2 0 0 8 3730312b45342e31
2 562d9821f26b63dc 0 0 85 2dfe556debed53d92f1 0 0
0 3f9bdf735f090350 0 0 0 0 19 36373834353535313438353931323732302e30
1 3f9bdf735f090350 66 3 0 0 5 3732302e30
1 3f9bdf735f090350 65 9 0 0 15 32302d653631343835393132372e32
1 3f9bdf735f090350 45 3 0 0 9 32302d453232372e32
1 3f9bdf735f090350 67 8 0 0 11 3438353931323732302e30
1 3f9bdf735f090350 47 6 0 0 9 363931323732302e30
2 3f9bdf7317a4b75a 0 0 -8 2988a6 0 0
0 cce792b70a251927 0 0 0 0 23 32362b65333633353639313939353134343033302e332d
1 cce792b70a251927 65 11 0 0 18 32362b6530323939353134343033302e332d
1 cce792b70a251927 45 13 0 0 20 32362b45353639313939353134343033302e332d
1 cce792b70a251927 67 10 0 0 16 32362b653939353134343033302e332d
1 cce792b70a251927 47 4 0 0 9 32362b4533302e332d
2 4ce792b70a251927 0 0 45 434a10ecf4482fe 0 0
0 40bd7cc7ae147ae1 0 0 0 0 7 38372e38343537
1 40bd7cc7ae147ae1 66 2 0 0 7 38372e38343537
1 40bd7cc7ae147ae1 65 5 0 0 11 33302b6538373834352e37
1 40bd7cc7ae147ae1 45 15 0 0 21 33302b453030303030303030303038373834352e37
1 40bd7cc7ae147ae1 67 20 0 0 21 333534373939393939393939393937372e38343537
1 40bd7cc7ae147ae1 47 20 0 0 21 333534373939393939393939393937372e38343537
2 40bd7cc7ae147ae1 0 0 -14 a79dd8a9ec1dfe7 0 0
0 40ac5ce666666666 0 0 0 0 7 35342e30333633
1 40ac5ce666666666 66 18 0 0 23 3130313831383939393939393939393934342e30333633
1 40ac5ce666666666 65 1 0 0 7 33302b65362e33
1 40ac5ce666666666 45 14 0 0 20 33302b4530303030303030303035343033362e33
1 40ac5ce666666666 67 5 0 0 6 342e30333633
1 40ac5ce666666666 47 9 0 0 7 35342e30333633
2 40ac200000000000 0 0 2 24 0 0
0 407a640000000000 0 0 0 0 6 35322e323234
1 407a640000000000 66 4 0 0 8 303035322e323234
1 407a640000000000 65 20 0 0 26 32302b6530303030303030303030303030303030353232322e34
1 407a640000000000 45 16 0 0 22 32302b45303030303030303030303030353232322e34
1 407a640000000000 67 12 0 0 6 35322e323234
1 407a640000000000 47 14 0 0 6 35322e323234
2 407a400000000000 0 0 1 2a 0 0
0 40ab4cfae147ae14 0 0 0 0 7 39342e34393433
1 40ab4cfae147ae14 66 10 0 0 15 303030303030303039342e34393433
1 40ab4cfae147ae14 65 17 0 0 23 33302b6538373939393939393939393938343439342e33
1 40ab4cfae147ae14 45 18 0 0 24 33302b453238373939393939393939393938343439342e33
1 40ab4cfae147ae14 67 20 0 0 21 373138373939393939393939393938342e34393433
1 40ab4cfae147ae14 47 10 0 0 7 39342e34393433
2 40ab4cfae147ae14 0 0 -22 1ce7ded32a50cc49754f2c 0 0
0 74a38e0f4ec27394 0 0 0 0 21 3335322b6533313031373437323330343836312e37
1 74a38e0f4ec27394 65 8 0 0 15 3335322b6537323330343836312e37
1 74a38e0f4ec27394 45 6 0 0 13 3335322b453330343836312e37
1 74a38e0f4ec27394 67 8 0 0 14 3335322b65333330343836312e37
1 74a38e0f4ec27394 47 10 0 0 16 3335322b453537323330343836312e37
2 74a38e0eb8e2b2e2 0 0 249 11804 0 0
0 3dd06252a35b92e7 0 0 0 0 21 31312d653530353135323130323139343036392e35
1 3dd06252a35b92e7 66 2 0 0 4 30302e30
1 3dd06252a35b92e7 65 0 0 0 5 31312d6536
1 3dd06252a35b92e7 45 17 0 0 23 31312d4530373430353135323130323139343036392e35
1 3dd06252a35b92e7 67 5 0 0 10 31312d65353036392e35
1 3dd06252a35b92e7 47 6 0 0 11 31312d4539343036392e35
2 3dd062526bf5b301 0 0 -16 91851 0 0
0 f426b22163c0f615 0 0 0 0 23 3135322b653933343431303632333731393934322e332d
1 f426b22163c0f615 65 5 0 0 13 3135322b6532393934322e332d
1 f426b22163c0f615 45 19 0 0 27 3135322b45313931313933343431303632333731393934322e332d
1 f426b22163c0f615 67 8 0 0 15 3135322b65333731393934322e332d
1 f426b22163c0f615 47 2 0 0 9 3135322b45322e332d
2 7426b2213d8e8144 0 0 245 3196fd 0 0
0 6e4f392f02af0c8b 0 0 0 0 22 3332322b653935343139383531323638323735322e32
1 6e4f392f02af0c8b 65 15 0 0 22 3332322b653935343139383531323638323735322e32
1 6e4f392f02af0c8b 45 6 0 0 13 3332322b453638323735322e32
1 6e4f392f02af0c8b 67 1 0 0 6 3332322b6532
1 6e4f392f02af0c8b 47 14 0 0 20 3332322b45353139383531323638323735322e32
2 6e4f392f02af0c8b 0 0 202 7a5e239dbd041e9ec3 0 0
0 17b4666b59f3560e 0 0 0 0 22 3439312d653138373935353334353430363634372e31
1 17b4666b59f3560e 66 3 0 0 5 3030302e30
1 17b4666b59f3560e 65 4 0 0 11 3439312d65363634372e31
1 17b4666b59f3560e 45 6 0 0 13 3439312d453530363634372e31
1 17b4666b59f3560e 67 15 0 0 21 3439312d6538373935353334353430363634372e31
1 17b4666b59f3560e 47 16 0 0 22 3439312d453138373935353334353430363634372e31
2 17b46667df9da2bf 0 0 -199 2aa44 0 0
0 408b493333333333 0 0 0 0 6 35312e333738
1 408b493333333333 66 7 0 0 11 303030303035312e333738
1 408b493333333333 65 15 0 0 21 32302b653030303030303030303030353133372e38
1 408b493333333333 45 6 0 0 12 32302b453030353133372e38
1 408b493333333333 67 13 0 0 6 35312e333738
1 408b493333333333 47 11 0 0 6 35312e333738
2 408b493333333333 0 0 -5 5345238 0 0
0 19867ead214e7a5a 0 0 0 0 23 3538312d65323736343934373932373738393333302e31
1 19867ead214e7a5a 66 11 0 0 13 30303030303030303030302e30
1 19867ead214e7a5a 65 5 0 0 12 3538312d6539393333302e31
1 19867ead214e7a5a 45 16 0 0 23 3538312d45323736343934373932373738393333302e31
1 19867ead214e7a5a 67 10 0 0 15 3538312d6533373738393333302e31
1 19867ead214e7a5a 47 19 0 0 25 3538312d453736313736343934373932373738393333302e31
2 19867ead214e7a5a 0 0 -204 8f7e9f9e7a4bc136 0 0
0 607236fcf63bd6a2 0 0 0 0 22 3635312b653930383233353837303832353730392e33
1 607236fcf63bd6a2 65 4 0 0 11 3635312b65353730392e33
1 607236fcf63bd6a2 45 17 0 0 24 3635312b4532383830383233353837303832353730392e33
1 607236fcf63bd6a2 67 20 0 0 26 3635312b65383831383830383233353837303832353730392e33
1 607236fcf63bd6a2 47 10 0 0 16 3635312b453937303832353730392e33
2 607236fcf63bd6a2 0 0 133 52bec08d7d743b192856 0 0
0 fca3eb7409bbd2cf 0 0 0 0 24 3239322b65373437373734383137363838373438342e322d
1 fca3eb7409bbd2cf 65 16 0 0 24 3239322b65373437373734383137363838373438342e322d
1 fca3eb7409bbd2cf 45 2 0 0 10 3239322b4538342e322d
1 fca3eb7409bbd2cf 67 16 0 0 23 3239322b653537373734383137363838373438342e322d
1 fca3eb7409bbd2cf 47 12 0 0 19 3239322b4535383137363838373438342e322d
2 7ca3eb79fd576681 0 0 288 6110 0 0
0 409dea0a3d70a3d7 0 0 0 0 7 31352e34313931
1 409dea0a3d70a3d7 66 18 0 0 23 3530393039393939393939393939393930352e34313931
1 409dea0a3d70a3d7 65 20 0 0 26 33302b6531393039393939393939393939393930353431392e31
1 409dea0a3d70a3d7 45 5 0 0 11 33302b4531353431392e31
1 409dea0a3d70a3d7 67 3 0 0 8 33302b6531392e31
1 409dea0a3d70a3d7 47 8 0 0 7 31352e34313931
2 409dd80000000000 0 0 1 bf 0 0
0 373dbca2bf184fb4 0 0 0 0 22 32342d65333230303535343434383634343333332e31
1 373dbca2bf184fb4 66 9 0 0 11 3030303030303030302e30
1 373dbca2bf184fb4 65 14 0 0 20 32342d6530303535343434383634343333332e31
1 373dbca2bf184fb4 45 4 0 0 10 32342d45343333332e31
1 373dbca2bf184fb4 67 3 0 0 8 32342d6533332e31
1 373dbca2bf184fb4 47 16 0 0 21 32342d453230303535343434383634343333332e31
2 373dbca75bb979e9 0 0 -47 208e1 0 0
0 4e27fd0c196ed6b1 0 0 0 0 21 38362b653139333739353230383833363333322e33
1 4e27fd0c196ed6b1 65 7 0 0 13 38362b65383833363333322e33
1 4e27fd0c196ed6b1 45 9 0 0 15 38362b453330383833363333322e33
1 4e27fd0c196ed6b1 67 18 0 0 23 38362b6531383039333739353230383833363333322e33
1 4e27fd0c196ed6b1 47 10 0 0 15 38362b453330383833363333322e33
2 4e27fd0c196ed6b1 0 0 47 af4bc0ce68e0f78492 0 0
0 2bff11f13df24980 0 0 0 0 21 37392d653235393432373831383535323139302e39
1 2bff11f13df24980 66 19 0 0 21 303030303030303030303030303030303030302e30
1 2bff11f13df24980 65 4 0 0 10 37392d65333139302e39
1 2bff11f13df24980 45 5 0 0 11 37392d4536323139302e39
1 2bff11f13df24980 67 9 0 0 14 37392d6532383535323139302e39
1 2bff11f13df24980 47 15 0 0 20 37392d4535393432373831383535323139302e39
2 2bff11f13df24980 0 0 -113 142fc7d705f7f6c 0 0
0 3ee2ab528f78c506 0 0 0 0 21 36302d653737363131343437383138313230392e38
1 3ee2ab528f78c506 66 14 0 0 16 37383138313230393830303030302e30
1 3ee2ab528f78c506 65 1 0 0 7 36302d65392e38
1 3ee2ab528f78c506 45 19 0 0 25 36302d45313233383637363131343437383138313230392e38
1 3ee2ab528f78c506 67 9 0 0 14 36302d6537383138313230392e38
1 3ee2ab528f78c506 47 14 0 0 19 36302d45373131343437383138313230392e38
2 3ee2aa26af9731e0 0 0 -7 59 0 0
0 3f9dcf47e50f89b0 0 0 0 0 20 3438333631353934313632303131313932302e30
1 3f9dcf47e50f89b0 66 17 0 0 19 38333631353934313632303131313932302e30
1 3f9dcf47e50f89b0 65 18 0 0 24 32302d653735333833363135393431363230313131392e32
1 3f9dcf47e50f89b0 45 3 0 0 9 32302d453131392e32
1 3f9dcf47e50f89b0 67 0 0 0 4 33302e30
1 3f9dcf47e50f89b0 47 3 0 0 6 313932302e30
2 3f9dcf47e50f89b0 0 0 -20 2866506794e73555 0 0
0 6e1ed2d38eac5e2b 0 0 0 0 23 3232322b65343231343532393538343537343538372e32
1 6e1ed2d38eac5e2b 65 15 0 0 22 3232322b653231343532393538343537343538372e32
1 6e1ed2d38eac5e2b 45 2 0 0 9 3232322b4539372e32
1 6e1ed2d38eac5e2b 67 10 0 0 16 3232322b653638343537343538372e32
1 6e1ed2d38eac5e2b 47 2 0 0 8 3232322b45382e32
2 6e1ed2d38eac5e2b 0 0 201 97003cdc5e16cc02ad 0 0
0 40c238bd70a3d70a 0 0 0 0 7 38342e39323339
1 40c238bd70a3d70a 66 20 0 0 25 34353234343336353939393939393939393937342e39323339
1 40c238bd70a3d70a 65 3 0 0 9 33302b653932332e39
1 40c238bd70a3d70a 45 12 0 0 18 33302b453030303030303038343932332e39
1 40c238bd70a3d70a 67 13 0 0 7 38342e39323339
1 40c238bd70a3d70a 47 0 0 0 5 33302b4539
2 40c238bd70a3d70a 0 0 -13 14b732055641ffc 0 0
0 3fec9cd6ae83218e 0 0 0 0 18 363531323635393633333534313439382e30
1 3fec9cd6ae83218e 66 11 0 0 13 36393633333534313439382e30
1 3fec9cd6ae83218e 65 1 0 0 7 31302d65392e38
1 3fec9cd6ae83218e 45 0 0 0 5 31302d4539
1 3fec9cd6ae83218e 67 1 0 0 3 392e30
1 3fec9cd6ae83218e 47 1 0 0 3 392e30
2 3fec9cd6ae83218e 0 0 -23 12ef2becf1aa2e64e4d7 0 0
0 2ed7e0fe3e457b7a 0 0 0 0 21 33382d653238313631343438323631373631392e34
1 2ed7e0fe3e457b7a 66 9 0 0 11 3030303030303030302e30
1 2ed7e0fe3e457b7a 65 4 0 0 10 33382d65373631392e34
1 2ed7e0fe3e457b7a 45 14 0 0 20 33382d4538313631343438323631373631392e34
1 2ed7e0fe3e457b7a 67 8 0 0 13 33382d65333631373631392e34
1 2ed7e0fe3e457b7a 47 19 0 0 24 33382d453437383138313631343438323631373631392e34
2 2ed7e0f90f64ccd9 0 0 -87 c00f 0 0
0 40b2b52666666666 0 0 0 0 7 35312e39383734
1 40b2b52666666666 66 9 0 0 14 3030303030303035312e39383734
1 40b2b52666666666 65 11 0 0 17 33302b6530303030303035313938372e34
1 40b2b52666666666 45 1 0 0 7 33302b45382e34
1 40b2b52666666666 67 15 0 0 7 35312e39383734
1 40b2b52666666666 47 14 0 0 7 35312e39383734
2 40b2b52666666666 0 0 -11 1b3921673de00 0 0
0 40f1e2e30e1c9001 0 0 0 0 17 39303830323534393039312e3236323337
1 40f1e2e30e1c9001 66 10 0 0 16 313830323534393039312e3236323337
1 40f1e2e30e1c9001 65 18 0 0 24 34302b653132373830383032353439303931323632332e37
1 40f1e2e30e1c9001 45 10 0 0 16 34302b45353439303931323632332e37
1 40f1e2e30e1c9001 67 20 0 0 21 3431323738303830323534393039312e3236323337
1 40f1e2e30e1c9001 47 3 0 0 8 34302b4533332e37
2 40f1e2e30e1c9001 0 0 -17 18d27b6ca7e8cc1cc13 0 0
0 1498f9ad9ad85666 0 0 0 0 22 3930322d653536333635303738363331323939382e31
1 1498f9ad9ad85666 66 8 0 0 10 30303030303030302e30
1 1498f9ad9ad85666 65 7 0 0 14 3930322d65373331323939382e31
1 1498f9ad9ad85666 45 0 0 0 6 3930322d4532
1 1498f9ad9ad85666 67 7 0 0 13 3930322d653431323939382e31
1 1498f9ad9ad85666 47 13 0 0 19 3930322d453635303738363331323939382e31
2 1498f9ad9b7e9847 0 0 -217 b51f859 0 0
0 3f6acfd8628d1485 0 0 0 0 20 3636383335313536343633393237323330302e30
1 3f6acfd8628d1485 66 14 0 0 16 35313536343633393237323330302e30
1 3f6acfd8628d1485 65 16 0 0 22 33302d65313636383335313536343633393237322e33
1 3f6acfd8628d1485 45 17 0 0 23 33302d4531313636383335313536343633393237322e33
1 3f6acfd8628d1485 67 11 0 0 15 323536343633393237323330302e30
1 3f6acfd8628d1485 47 2 0 0 6 333330302e30
2 3f6acfd8628d1485 0 0 -27 2b5123dc598db7dd4df28 0 0
0 f56c65626e891aa4 0 0 0 0 24 3735322b65353536303037333234393337363336322e342d
1 f56c65626e891aa4 65 6 0 0 14 3735322b653437363336322e342d
1 f56c65626e891aa4 45 5 0 0 13 3735322b4537363336322e342d
1 f56c65626e891aa4 67 9 0 0 16 3735322b6534393337363336322e342d
1 f56c65626e891aa4 47 10 0 0 17 3735322b453234393337363336322e342d
2 756c65626e891aad 0 0 243 183c76513ca4f 0 0
0 3e3991af405d898b 0 0 0 0 21 39302d653139363634323134343536323335392e35
1 3e3991af405d898b 66 1 0 0 3 302e30
1 3e3991af405d898b 65 3 0 0 9 39302d653335392e35
1 3e3991af405d898b 45 5 0 0 11 39302d4537323335392e35
1 3e3991af405d898b 67 4 0 0 9 39302d653335392e35
1 3e3991af405d898b 47 11 0 0 16 39302d45323134343536323335392e35
2 3e3991af405d898b 0 0 -28 33a2e79c5472e75ab 0 0
0 40c2ea10e5c6552e 0 0 0 0 17 3539343836313231303233312e34383639
1 40c2ea10e5c6552e 66 16 0 0 21 303933383439343836313231303233312e34383639
1 40c2ea10e5c6552e 65 18 0 0 24 33302b653933383439343836313231303233313438362e39
1 40c2ea10e5c6552e 45 9 0 0 15 33302b453231303233313438362e39
1 40c2ea10e5c6552e 67 4 0 0 4 34383639
1 40c2ea10e5c6552e 47 16 0 0 17 3539343836313231303233312e34383639
2 40c2ea0000000000 0 0 0 25d4 0 0
0 40b45be147ae147b 0 0 0 0 7 38382e31313235
1 40b45be147ae147b 66 7 0 0 12 303030303038382e31313235
1 40b45be147ae147b 65 9 0 0 15 33302b653030303038383131322e35
1 40b45be147ae147b 45 16 0 0 22 33302b45313030303030303030303038383131322e35
1 40b45be147ae147b 67 1 0 0 5 33302b6535
1 40b45be147ae147b 47 12 0 0 7 38382e31313235
2 40b45c0000000000 0 0 0 145c 0 0
0 13d53164717a52d8 0 0 0 0 23 3331322d65343335323235323431373234353433392e33
1 13d53164717a52d8 66 5 0 0 7 30303030302e30
1 13d53164717a52d8 65 14 0 0 21 3331322d6535323235323431373234353433392e33
1 13d53164717a52d8 45 6 0 0 13 3331322d453334353433392e33
1 13d53164717a52d8 67 11 0 0 17 3331322d65333431373234353433392e33
1 13d53164717a52d8 47 3 0 0 9 3331322d4533392e33
2 13d52b20db727820 0 0 -215 189 0 0
0 433db8bc2a608fb7 0 0 0 0 21 35312b653537373234393832363239383536332e38
1 433db8bc2a608fb7 66 20 0 0 37 30303030303030303030303030303030303030302e35373732343938323632393835363338
1 433db8bc2a608fb7 65 17 0 0 23 35312b6530303537373234393832363239383536332e38
1 433db8bc2a608fb7 45 18 0 0 24 35312b453030303537373234393832363239383536332e38
1 433db8bc2a608fb7 67 14 0 0 19 35312b65383234393832363239383536332e38
1 433db8bc2a608fb7 47 20 0 0 16 35373732343938323632393835363338
2 433db8bc2a608fb7 0 0 -3 74199f05893162d8 0 0
0 3fb7d6321e7f24ee 0 0 0 0 18 313037313239313831313231313339302e30
1 3fb7d6321e7f24ee 66 17 0 0 19 31313037313239313831313231313339302e30
1 3fb7d6321e7f24ee 65 0 0 0 5 32302d6539
1 3fb7d6321e7f24ee 45 19 0 0 25 32302d45383738363031303731323931383131323131332e39
1 3fb7d6321e7f24ee 67 1 0 0 4 39302e30
1 3fb7d6321e7f24ee 47 4 0 0 7 31313339302e30
2 3fb7d6321e7f24ee 0 0 -19 cec01c81b48eccd 0 0
0 7d9e8722ee530bbf 0 0 0 0 23 3739322b65343931393036393734313132383734322e31
1 7d9e8722ee530bbf 65 20 0 0 27 3739322b6533373835333931393036393734313132383734322e31
1 7d9e8722ee530bbf 45 14 0 0 21 3739322b4532393036393734313132383734322e31
1 7d9e8722ee530bbf 67 13 0 0 19 3739322b653136393734313132383734322e31
1 7d9e8722ee530bbf 47 0 0 0 6 3739322b4531
2 7d9e8722ee530dea 0 0 285 12287efaf39 0 0
